--- Longitudinal Dynamics Matrices ---
Nominal F_Long:
[[ 0.99994561  0.         -0.0981      0.        ]
 [ 0.          1.          0.          0.05      ]
 [ 0.          0.          1.          1.        ]
 [ 0.          0.          0.          1.        ]]

Uncertainty E_F:
[[3.69852e-06 0.00000e+00 0.00000e+00 0.00000e+00]
 [0.00000e+00 0.00000e+00 0.00000e+00 0.00000e+00]
 [0.00000e+00 0.00000e+00 0.00000e+00 0.00000e+00]
 [0.00000e+00 0.00000e+00 0.00000e+00 0.00000e+00]]

Nominal G_Long:
[[2.00000000e-05 0.00000000e+00 0.00000000e+00]
 [0.00000000e+00 2.00000000e-05 0.00000000e+00]
 [0.00000000e+00 0.00000000e+00 0.00000000e+00]
 [0.00000000e+00 0.00000000e+00 1.36612022e-05]]

Uncertainty E_G:
[[-1.36e-06  0.00e+00  0.00e+00]
 [ 0.00e+00 -1.36e-06  0.00e+00]
 [ 0.00e+00  0.00e+00  0.00e+00]
 [ 0.00e+00  0.00e+00  0.00e+00]]

Nominal W_Long:
[[2.e-05 0.e+00]
 [0.e+00 2.e-05]
 [0.e+00 0.e+00]
 [0.e+00 0.e+00]]

Uncertainty E_W:
[[-1.36e-06  0.00e+00]
 [ 0.00e+00 -1.36e-06]
 [-2.00e-05  0.00e+00]
 [ 0.00e+00 -2.00e-05]]

